Paweł Kowalski
1, 2, 1, 2, 1, 2, 1, 2, 1, 2, 1, 2, 1, 2, 1, 2, 1, 2, 1, 2
Krzysztof Król
9, 1, 9, 1, 9, 1, 9, 1, 9, 1, 9, 1, 9, 1, 9, 1, 9, 1, 9, 1, 9
Izabela Kania
4, 4, 4, 4, 4, 4, 4, 4, 4, 4, 4, 4, 4, 4, 4, 4, 4, 4, 4, 4
Adam Małysz
10, 10, 10, 10, 10, 10, 10, 10, 10, 10, 10, 10
Kamil Stoch
1, 9, 0, 9, 9, 0, 6, 0, 1, 5, 7, 0, 8, 2, 7, 0, 9, 0, 10, 10, 0
Dawid Kubacki
0, 6, 9, 1, 10, 6, 3, 7, 1, 9, 0, 5, 5, 10, 7, 3, 7, 0
Piotr Żyła
7, 2, 9, 0, 9, 0, 9, 0, 9, 1, 9, 1, 10, 10, 8, 0, 7, 1
Dawid Kubacki
5, 5, 5, 5, 5, 5, 5, 5, 5, 5, 5, 5, 5, 5, 5, 5, 5, 5, 5, 5, 5
Stefan Hula
9, 0, 9, 0, 9, 0, 9, 0, 9, 0, 9, 0, 9, 0, 9, 0, 9, 0, 9, 0
Klemens Murańka
0, 0, 0, 0, 0, 0, 0, 0, 0, 0, 0, 0, 0, 0, 0, 0, 0, 0, 0, 0
Cristiano Ronaldo
9, 1, 9, 0, 8, 0, 0, 10, 7, 2, 0, 4, 8, 1, 0, 6, 3, 0, 8, 0
Leo Messi
3, 5, 7, 0, 3, 7, 0, 3, 3, 3, 10, 9, 1, 8, 2, 6, 2, 9, 1, 6
Robert Lewandowski
8, 2, 10, 7, 1, 7, 1, 8, 0, 9, 0, 10, 10, 9, 1, 10, 7, 0
Michał Wojciechowski
9, 1, 8, 2, 10, 7, 3, 5, 3, 3, 4, 8, 2, 0, 7, 8, 2, 0, 10, 8
Karol Małolepszy
10, 10, 6, 0, 10, 10, 0, 9, 7, 0, 7, 0, 9, 1, 9, 1, 7
Gracjan Warszawski
9, 1, 10, 10, 7, 3, 6, 3, 9, 1, 10, 9, 1, 9, 1, 9, 0
Piotr Kostański
3, 4, 9, 0, 3, 0, 0, 9, 5, 5, 10, 3, 0, 0, 1, 10, 0, 7
Mateusz 1
1, 2, 1, 2, 1, 2, 1, 2, 1, 2, 1, 2, 1, 2, 1, 2, 1, 2, 1, 2
Mateusz 2
9, 1, 9, 1, 9, 1, 9, 1, 9, 1, 9, 1, 9, 1, 9, 1, 9, 1, 9, 1, 9
Mateusz 3
1, 4, 4, 5, 6, 4, 5, 5, 10, 0, 1, 7, 3, 6, 4, 10, 2, 8, 6
Mateusz 4
9, 1, 4, 4, 9, 0, 9, 0, 9, 1, 9, 0, 9, 0, 9, 0, 9, 0, 10, 8, 0
Arek
1, 2, 3, 4, 5, 5, 6, 4, 7, 3, 8, 2, 9, 1, 10, 0, 1, 2, 3
Darek
0, 0, 0, 0, 3, 0, 7, 1, 0, 0, 3, 3, 1, 1, 4, 2, 1, 1, 0, 0
Marek
3, 3, 1, 1, 4, 2, 1, 1, 0, 0, 3, 3, 1, 1, 4, 2, 1, 1, 2, 3
Jarek
1, 2, 3, 4, 1, 2, 3, 4, 1, 2, 3, 4, 1, 2, 3, 4, 4, 4, 4, 4
Czarek
10, 10, 9, 1, 9, 0, 9, 0, 5, 4, 10, 9, 0, 9, 1, 10, 4, 4